0.648941666666667 0.106041666666667 0.910627777777778 0.311802777777778 0.912225 0.283072222222222
0.675941666666667 0.122113888888889 0.914969444444445 0.320686111111111 0.911075 0.280941666666667
0.633441666666667 0.0669055555555556 0.87235 0.236697222222222 0.858055555555556 0.196777777777778
0.629505555555556 0.0784638888888889 0.867636111111111 0.245361111111111 0.847244444444444 0.201452777777778
0.657080555555556 0.0814666666666667 0.880947222222222 0.236697222222222 0.861655555555556 0.205994444444444
0.6571 0.0799361111111111 0.884930555555556 0.253091666666667 0.869780555555556 0.212141666666667
0.651119444444444 0.085875 0.885072222222222 0.248786111111111 0.867338888888889 0.212330555555556
0.668366666666667 0.0893277777777778 0.872219444444445 0.251941666666667 0.871838888888889 0.220552777777778
0.677702777777778 0.0935638888888889 0.892913888888889 0.268230555555556 0.857508333333333 0.213172222222222
0.676522222222222 0.093425 0.892611111111111 0.268038888888889 0.882358333333333 0.225986111111111
0.701177777777778 0.10475 0.900644444444444 0.275897222222222 0.891425 0.223258333333333
0.676147222222222 0.101630555555556 0.875605555555556 0.253411111111111 0.881461111111111 0.221733333333333
0.686602777777778 0.0876777777777778 0.892516666666667 0.243080555555556 0.873644444444444 0.225605555555556
0.695325 0.098225 0.892794444444444 0.265677777777778 0.881130555555556 0.242519444444444
0.702313888888889 0.107788888888889 0.883552777777778 0.258897222222222 0.877519444444444 0.236708333333333
0.70245 0.107416666666667 0.890380555555556 0.272002777777778 0.873463888888889 0.250052777777778
0.692233333333333 0.101455555555556 0.894644444444444 0.278786111111111 0.891369444444445 0.239783333333333
0.713458333333333 0.107383333333333 0.902522222222222 0.270066666666667 0.889522222222222 0.245716666666667
0.713547222222222 0.122044444444444 0.898005555555556 0.273930555555556 0.899952777777778 0.269294444444444
0.696036111111111 0.105130555555556 0.89945 0.26645 0.900944444444445 0.239994444444444