0.723919444444444 0.134291666666667 0.911872222222222 0.321761111111111 0.905038888888889 0.274497222222222
0.700686111111111 0.129083333333333 0.913741666666667 0.340463888888889 0.901413888888889 0.278547222222222
0.631608333333333 0.0775805555555556 0.879752777777778 0.247888888888889 0.842961111111111 0.186913888888889
0.631569444444444 0.0820166666666667 0.882913888888889 0.249744444444444 0.846627777777778 0.186091666666667
0.648952777777778 0.0918805555555555 0.875808333333333 0.255216666666667 0.851775 0.191697222222222
0.645183333333333 0.0851944444444444 0.888266666666667 0.254325 0.849986111111111 0.195441666666667
0.637280555555556 0.088125 0.889625 0.264202777777778 0.848758333333333 0.190480555555556
0.646675 0.0859944444444444 0.882266666666667 0.245966666666667 0.830502777777778 0.198472222222222
0.631944444444445 0.091725 0.885211111111111 0.263455555555556 0.825858333333333 0.186883333333333
0.671491666666667 0.0859166666666667 0.890530555555556 0.269447222222222 0.858947222222222 0.201833333333333
0.658647222222222 0.0914277777777778 0.894927777777778 0.275797222222222 0.858161111111111 0.204163888888889
0.643816666666667 0.0956694444444444 0.894683333333333 0.271580555555556 0.858886111111111 0.209947222222222
0.683683333333333 0.101513888888889 0.896208333333333 0.278516666666667 0.868052777777778 0.210952777777778
0.684986111111111 0.1029 0.880280555555556 0.279552777777778 0.841819444444444 0.209669444444444
0.678541666666667 0.101983333333333 0.886386111111111 0.281561111111111 0.863136111111111 0.203908333333333
0.624480555555556 0.103033333333333 0.875169444444444 0.278333333333333 0.83755 0.207522222222222
0.655897222222222 0.169522222222222 0.827283333333333 0.324597222222222 0.621566666666667 0.227575
0.688741666666667 0.107416666666667 0.891247222222222 0.287375 0.864180555555556 0.225727777777778
0.696344444444444 0.1154 0.897708333333333 0.299402777777778 0.867247222222222 0.220183333333333