0.666225 0.109172222222222 0.871177777777778 0.250369444444444 0.910711111111111 0.283063888888889
0.662952777777778 0.105744444444444 0.874216666666667 0.260230555555556 0.909841666666667 0.280561111111111
0.634594444444444 0.0977527777777778 0.876380555555556 0.281291666666667 0.901888888888889 0.282116666666667
0.680836111111111 0.110113888888889 0.885686111111111 0.296758333333333 0.915013888888889 0.287747222222222
0.687069444444445 0.120047222222222 0.891933333333333 0.303088888888889 0.918386111111111 0.288983333333333
0.700575 0.130086111111111 0.883419444444444 0.314630555555556 0.918369444444444 0.291430555555556
0.702769444444444 0.121783333333333 0.898011111111111 0.323111111111111 0.919205555555556 0.29815
0.693488888888889 0.127108333333333 0.901213888888889 0.338730555555556 0.918855555555556 0.292330555555556
0.708694444444444 0.124816666666667 0.897833333333333 0.325219444444444 0.899244444444444 0.303613888888889
0.697633333333333 0.138983333333333 0.901338888888889 0.350572222222222 0.906719444444444 0.295713888888889
0.633 0.0720666666666667 0.868869444444444 0.263316666666667 0.867638888888889 0.217566666666667
0.623241666666667 0.0778944444444444 0.875416666666667 0.274947222222222 0.869005555555555 0.2223
0.615858333333333 0.0863888888888889 0.876644444444444 0.277569444444444 0.870861111111111 0.229802777777778
0.660188888888889 0.0924861111111111 0.881291666666667 0.290641666666667 0.882830555555556 0.235147222222222
0.664397222222222 0.0945583333333333 0.86675 0.292730555555556 0.856166666666667 0.233533333333333
0.659638888888889 0.0934083333333333 0.873516666666667 0.296444444444444 0.877625 0.227094444444444
0.603747222222222 0.0965611111111111 0.8667 0.295244444444444 0.854383333333333 0.232008333333333
0.648269444444444 0.16325 0.819977777777778 0.341391666666667 0.659733333333333 0.246402777777778
0.677297222222222 0.102611111111111 0.880988888888889 0.309955555555556 0.881744444444444 0.252777777777778
0.703738888888889 0.122577777777778 0.893019444444444 0.335566666666667 0.896258333333333 0.259861111111111